id,zip_code
2,95113
3,95113
4,95113
5,95113
6,95113
7,95113
8,95113
9,95113
10,95113
11,95113
12,95113
13,95113
14,95113
16,95113
21,94063
22,94063
23,94063
24,94063
25,94063
26,94063
27,94041
28,94041
29,94041
30,94041
31,94041
32,94041
33,94041
34,94301
35,94301
36,94301
37,94301
38,94301
41,94107
42,94107
45,94107
46,94107
47,94107
48,94107
49,94107
50,94107
51,94107
39,94107
54,94107
55,94107
56,94107
57,94107
58,94107
59,94107
60,94107
61,94107
62,94107
63,94107
64,94107
65,94107
66,94107
67,94107
68,94107
69,94107
70,94107
71,94107
72,94107
73,94107
74,94107
75,94107
76,94107
77,94107
80,95113
82,94107
83,94063
84,95113
